1803
95 102
95 104
95 106
95 108
95 110
95 112
95 114
95 116
95 118
95 120
95 122
95 124
95 126
95 128
95 130
95 132
95 134
95 136
95 138
95 140
95 142
95 144
95 146
95 148
95 150
95 152
95 154
95 156
95 158
95 159
95 159
95 158
95 156
95 153
95 150
95 147
95 144
95 141
95 138
95 135
95 132
95 129
95 126
95 123
95 120
95 117
96 114
98 112
101 111
105 111
110 112
115 114
120 116
125 118
130 120
135 122
140 124
145 126
150 128
155 130
160 132
165 134
170 136
175 138
180 140
185 142
190 144
195 146
200 147
205 147
210 146
215 144
220 141
225 138
230 135
235 132
240 129
245 126
249 123
252 120
254 117
255 114
255 111
255 108
255 105
255 103
255 102
255 102
255 103
254 105
252 107
249 109
245 111
240 113
235 115
230 116
225 116
220 115
215 113
210 110
205 107
200 104
195 101
190 98
186 95
183 92
181 89
180 86
180 83
180 80
180 77
180 74
180 71
181 68
183 66
186 65
190 65
195 66
200 68
205 70
210 72
215 74
220 76
225 78
230 80
235 82
240 84
245 86
250 88
255 90
260 92
265 94
270 96
275 98
280 100
285 102
290 104
295 106
300 108
305 110
310 112
315 114
320 116
325 119
330 123
335 128
338 132
338 134
338 136
338 138
338 140
337 142
335 144
332 146
328 148
323 150
318 152
313 154
308 156
303 158
298 159
293 159
288 160
283 162
278 164
273 166
268 168
263 170
258 172
253 174
248 176
243 178
238 180
233 182
228 184
223 186
218 188
213 190
208 192
203 194
198 196
193 198
188 200
183 202
178 204
173 206
168 208
163 210
158 211
153 211
148 210
143 208
138 205
133 203
128 202
123 202
118 203
113 205
108 207
103 209
98 212
93 216
88 221
83 227
78 234
73 241
68 248
63 254
62 256
62 258
62 260
62 262
62 264
62 266
62 268
62 269
62 269
62 268
62 266
62 263
62 260
62 257
62 254
62 251
62 248
62 245
62 242
62 239
62 236
62 233
62 230
62 227
62 224
62 221
62 218
62 215
62 212
62 209
62 206
63 203
65 200
68 197
72 194
77 191
82 188
87 185
92 182
97 179
101 176
104 173
106 170
107 167
107 164
107 161
107 158
107 155
107 152
107 149
107 146
107 143
107 140
107 137
107 134
107 131
107 128
108 125
110 122
113 119
117 116
122 113
127 110
132 107
137 104
142 101
147 98
151 95
154 93
156 92
157 92
157 93
157 95
157 97
157 99
157 101
157 103
157 105
157 107
157 109
157 111
157 113
157 115
158 117
160 119
163 121
167 123
172 125
177 126
182 126
187 125
192 123
197 120
202 117
206 114
209 111
211 108
212 105
212 102
212 99
212 96
212 93
212 90
212 87
212 84
211 81
209 78
206 75
202 72
197 69
192 66
187 64
182 63
177 63
172 64
167 66
162 68
157 70
153 72
150 74
148 75
147 75
147 74
147 72
147 69
147 70
147 72
147 74
147 76
148 78
150 80
153 82
157 84
162 86
167 88
172 89
177 89
182 88
187 86
192 83
197 80
202 77
207 74
211 71
214 68
216 65
217 62
217 59
217 56
217 53
217 50
217 47
217 44
217 41
217 38
217 35
217 32
217 29
217 26
217 23
217 20
217 17
217 20
217 19
217 20
217 19
217 20
217 19
217 20
217 19
217 20
217 19
217 20
217 19
217 20
217 19
217 20
217 19
217 20
217 21
217 23
217 25
217 27
217 29
217 31
217 33
217 35
217 37
217 39
216 41
214 43
211 45
207 47
202 49
197 51
192 53
188 55
185 57
183 59
182 61
182 63
182 65
182 67
182 69
182 71
182 73
182 75
182 77
182 79
182 80
182 80
182 79
182 77
182 74
182 71
182 68
182 65
182 62
182 59
182 57
182 56
182 56
182 57
182 59
182 61
182 63
182 65
183 67
185 69
188 71
192 73
197 75
202 77
207 79
212 81
217 83
222 85
227 87
231 89
234 91
236 93
237 95
237 97
237 98
237 98
237 97
237 95
237 92
237 89
237 86
238 83
240 82
243 84
247 86
252 88
257 90
262 92
267 94
272 96
277 98
282 100
287 102
292 104
297 106
302 108
307 110
312 112
317 114
322 116
327 118
332 120
337 121
342 121
346 120
349 118
351 115
352 112
352 109
352 106
352 103
352 100
352 97
352 94
352 91
352 88
352 85
352 82
352 79
352 76
351 73
349 70
346 68
342 67
337 67
332 68
327 70
322 72
317 74
312 76
307 78
302 80
297 82
292 84
287 86
282 88
277 90
272 92
267 94
262 96
257 98
252 100
247 102
242 104
237 106
232 108
227 110
222 112
217 114
212 116
207 118
202 121
197 125
192 130
187 136
182 143
177 146
172 148
167 150
162 152
157 154
152 156
147 158
142 159
137 159
133 158
130 156
128 153
127 150
127 147
127 144
127 141
127 138
127 135
127 132
127 129
127 126
127 123
127 120
128 117
130 118
133 120
137 122
142 124
147 126
152 128
157 130
162 132
166 134
169 136
171 137
172 138
172 139
172 141
172 143
172 145
172 147
172 149
172 151
172 153
172 155
172 157
172 159
173 161
175 162
178 163
182 163
187 162
192 160
197 157
202 154
207 151
211 148
214 145
216 142
217 139
217 136
217 133
217 130
217 127
217 124
217 121
217 118
217 115
217 112
217 109
217 106
217 103
217 100
218 97
220 98
223 100
227 102
232 104
237 106
242 108
247 110
252 112
257 114
262 116
267 118
272 120
277 122
282 125
287 129
292 134
297 140
302 147
307 154
312 161
317 168
322 175
327 178
332 180
337 182
342 184
347 186
352 188
357 190
362 192
367 194
372 196
377 198
382 200
378 201
379 201
378 200
379 198
378 195
378 192
378 189
378 186
378 183
378 180
378 177
378 174
378 171
378 168
378 165
378 162
378 159
378 156
378 153
378 150
378 147
378 144
378 141
378 138
378 135
378 132
378 129
378 126
378 123
378 120
378 117
378 114
378 111
378 108
378 105
378 102
378 99
378 96
378 93
378 90
378 87
378 84
378 81
378 78
378 75
378 72
378 69
378 66
378 63
377 60
375 57
372 54
368 51
363 49
358 48
353 48
348 49
343 51
338 53
334 55
331 57
329 59
328 61
328 63
328 65
328 67
328 69
327 71
325 73
322 75
318 77
313 79
308 81
303 83
298 85
293 87
288 89
283 91
278 93
273 95
268 98
263 102
258 107
253 113
248 120
243 127
239 134
236 141
234 148
233 155
233 162
233 169
233 176
233 183
233 190
233 197
233 204
233 211
233 218
233 225
233 232
233 239
232 246
230 249
227 252
223 254
218 256
213 258
208 260
203 262
198 264
193 265
188 265
183 264
178 262
173 259
168 256
163 253
158 250
153 247
148 244
143 241
142 238
142 235
142 232
142 229
142 226
141 223
141 220
141 217
141 214
141 211
141 208
141 205
141 202
141 199
141 196
141 193
141 190
140 187
138 184
135 181
131 178
126 175
121 172
116 169
111 166
107 163
104 160
102 157
101 154
101 151
101 148
101 145
101 142
101 139
101 136
101 133
101 130
101 127
101 124
101 121
101 118
101 115
102 112
104 109
107 107
111 106
116 106
121 107
126 109
131 111
136 113
141 115
146 117
151 119
156 121
161 123
166 125
171 127
176 129
181 131
186 133
191 135
196 137
201 139
206 141
211 143
216 145
221 147
226 148
231 148
236 150
241 152
246 154
251 156
256 157
261 157
266 156
270 154
273 151
275 148
276 145
276 142
276 139
276 136
276 133
276 130
276 127
276 124
276 121
276 118
276 115
276 112
276 109
276 106
276 103
276 100
276 97
276 94
276 91
276 88
276 90
275 92
273 94
270 96
266 98
261 100
256 102
251 104
246 106
241 108
236 110
231 112
226 114
221 115
216 115
211 114
206 112
201 109
196 106
191 103
186 100
181 97
176 94
171 91
166 89
161 88
156 88
151 89
146 91
142 93
142 96
142 100
142 105
142 111
142 118
142 125
142 132
142 139
142 146
142 153
141 160
139 167
136 174
132 181
127 188
122 195
117 201
112 206
107 210
102 213
97 215
92 217
87 218
82 218
77 217
72 215
67 212
63 209
60 206
58 208
57 210
57 212
57 214
57 216
58 218
60 220
63 222
67 224
72 226
77 228
82 230
87 232
92 234
97 236
102 238
107 240
112 242
117 244
122 246
127 248
132 249
137 249
142 248
147 246
152 243
157 240
162 237
166 234
169 231
171 228
172 225
172 222
172 219
172 216
172 213
172 210
172 207
172 204
172 201
172 198
173 195
175 192
178 189
182 186
187 183
192 181
197 182
202 184
207 186
212 188
217 190
222 192
227 194
232 196
237 198
242 200
247 202
252 203
257 203
261 202
264 200
266 197
267 194
267 191
267 188
267 185
267 182
267 179
267 176
267 173
267 170
267 167
268 164
270 161
273 158
277 155
282 153
287 152
292 152
297 153
302 155
307 157
312 159
317 161
322 163
327 165
332 167
337 169
342 171
347 173
352 175
357 177
362 179
367 181
372 183
377 185
381 187
378 189
377 191
375 194
372 198
368 203
363 209
358 212
353 214
348 216
343 218
338 220
333 222
328 224
323 226
318 228
314 230
311 232
309 234
308 236
308 237
307 237
305 236
302 234
298 231
293 228
288 225
283 222
278 219
273 220
268 222
263 224
258 226
253 228
248 230
243 232
238 234
233 236
228 238
223 240
218 242
213 244
208 246
203 248
198 250
193 252
188 254
183 256
178 258
173 260
168 262
163 264
158 266
153 268
148 270
143 272
138 273
133 273
128 272
123 270
118 267
113 264
108 261
103 258
98 255
94 252
91 249
89 246
88 243
88 240
88 237
88 234
89 231
91 228
94 228
98 227
103 227
108 228
113 230
118 232
123 234
128 236
133 238
138 240
143 242
148 244
153 246
158 248
163 250
168 252
173 254
178 256
182 258
185 260
187 262
188 263
188 263
188 262
188 260
188 257
188 254
188 251
188 248
188 245
188 242
188 239
188 236
188 233
188 230
187 227
185 224
182 221
178 219
173 218
168 218
163 219
158 221
153 223
148 225
143 227
138 229
133 231
128 233
123 234
118 234
113 233
108 231
103 228
102 225
100 222
97 219
93 216
88 213
83 210
78 207
73 205
68 204
63 204
58 205
53 207
48 209
43 211
38 213
33 216
28 220
23 225
18 231
22 238
21 245
22 252
21 258
22 260
21 262
22 264
21 266
22 268
21 270
22 272
22 274
22 276
22 278
22 280
22 282
22 284
22 286
22 288
22 289
22 289
22 288
22 286
22 283
22 280
22 277
22 274
22 271
22 268
22 265
22 262
22 259
22 256
22 253
22 250
22 247
22 244
22 241
22 238
22 235
22 232
22 229
22 226
22 223
22 220
22 217
22 214
22 211
22 208
22 205
22 202
23 199
25 196
28 193
32 190
37 187
42 184
47 181
52 178
56 175
58 172
58 169
58 166
58 163
58 160
58 157
58 154
58 151
58 148
58 145
58 142
58 139
58 136
58 133
58 130
58 127
59 124
61 121
64 118
68 115
73 112
78 109
83 106
88 104
93 103
98 103
103 104
108 106
113 108
118 110
123 112
127 114
130 116
132 118
133 120
133 122
133 124
133 126
133 128
133 131
133 135
134 140
136 146
139 153
143 160
148 167
153 174
158 181
163 188
168 190
173 192
178 194
183 196
188 198
193 200
198 202
203 204
208 206
213 208
218 210
223 212
228 214
233 216
238 218
243 220
248 222
253 224
258 227
263 231
268 236
273 242
278 249
283 256
288 263
293 269
298 274
298 278
298 281
298 283
298 285
298 287
298 288
298 288
298 287
298 285
298 282
298 279
298 276
298 273
298 270
298 267
298 264
298 261
298 258
298 255
298 252
298 249
298 246
298 243
298 240
299 237
301 234
304 231
308 228
313 225
318 222
323 219
328 216
333 213
338 210
338 207
339 204
341 201
342 198
342 195
342 192
342 189
342 186
342 183
342 180
342 177
342 174
342 171
342 168
342 166
342 165
342 165
342 166
342 168
342 169
342 169
342 168
342 166
342 163
342 160
342 157
341 159
339 160
336 160
332 159
327 159
322 160
317 162
312 164
307 166
302 168
297 170
292 172
287 174
283 176
280 178
278 180
277 182
277 184
277 186
277 187
277 187
277 186
277 184
277 181
277 178
277 175
277 172
277 169
277 166
277 163
277 160
277 157
277 154
277 154
277 156
277 158
277 160
276 162
274 164
271 166
267 167
262 167
257 166
252 166
247 165
242 163
237 160
232 157
227 154
222 151
217 148
212 145
208 142
205 139
203 136
202 133
202 130
202 127
202 124
202 126
202 128
202 130
202 132
202 134
201 136
199 138
196 140
192 142
187 144
182 146
177 148
172 150
167 152
162 154
157 156
152 158
147 159
142 159
137 158
132 156
127 153
122 150
117 147
112 144
107 141
102 138
97 136
92 135
87 135
82 136
77 138
72 140
67 143
62 147
62 152
62 158
62 165
62 172
62 179
62 186
62 193
62 200
62 207
61 214
59 221
56 228
52 235
47 242
42 249
37 256
32 263
27 267
22 272
17 276
22 279
21 281
22 283
23 285
23 287
23 289
23 291
23 293
23 295
23 296
24 296
26 295
29 293
33 290
38 287
43 284
48 281
53 278
58 275
63 272
68 269
73 266
78 263
83 260
88 257
93 254
98 251
103 248
108 245
113 242
118 239
123 236
128 233
133 230
138 227
143 224
148 221
153 218
158 215
162 212
165 209
167 206
168 203
168 200
168 197
168 194
168 191
168 188
168 185
168 182
168 179
169 176
171 173
174 170
178 167
183 164
188 161
193 158
198 155
203 152
208 149
213 146
218 143
223 140
228 137
233 134
238 131
243 129
248 128
253 128
258 129
263 131
268 133
273 135
278 138
283 142
288 145
293 147
298 149
303 151
308 154
310 158
313 163
317 169
322 174
327 178
332 181
337 183
338 186
338 190
338 195
338 201
338 208
339 215
341 222
344 229
348 236
353 243
358 250
363 257
368 264
373 271
378 278
383 285
378 292
379 299
378 306
379 313
378 320
379 327
378 333
378 338
378 342
378 345
378 347
377 349
377 350
376 350
374 349
371 347
367 344
362 341
357 338
352 335
347 332
342 329
337 326
332 323
327 320
322 317
317 314
312 311
307 308
302 305
297 302
292 299
287 296
282 293
277 290
272 287
267 284
262 281
257 278
252 275
247 272
242 269
237 266
232 263
228 260
225 257
223 254
222 251
222 248
222 245
222 242
222 239
222 236
222 233
222 230
222 227
222 227
222 229
222 231
222 233
222 235
221 237
219 238
216 238
212 237
207 235
202 232
198 229
195 226
193 223
192 220
192 217
193 214
195 211
198 208
202 205
207 202
212 199
217 196
222 193
227 190
232 187
237 184
242 181
247 178
252 175
257 173
262 172
267 172
272 173
277 175
282 177
287 179
292 181
297 183
302 186
307 190
312 195
317 201
322 208
327 215
332 222
337 229
342 236
347 243
352 250
357 252
362 254
367 256
372 258
377 260
382 262
378 264
379 266
378 267
379 267
378 266
378 264
378 261
378 258
378 255
378 252
378 249
378 246
378 243
378 240
378 237
378 234
378 231
378 228
378 225
378 222
378 219
378 216
378 213
378 210
378 207
378 204
378 201
378 198
378 195
378 192
378 189
378 186
378 183
378 180
378 177
377 174
375 171
372 168
368 165
363 162
358 159
353 156
348 153
343 150
338 147
333 144
328 141
323 138
318 135
313 132
308 129
303 127
298 126
293 126
288 127
283 129
278 131
273 134
268 138
263 143
258 149
253 156
248 163
243 170
238 177
233 184
228 191
223 198
218 200
213 202
208 204
203 206
198 208
193 210
188 212
183 214
178 216
173 218
168 220
163 222
158 224
153 226
148 228
143 230
138 232
133 234
128 236
123 238
119 238
116 238
114 238
113 238
113 238
113 238
113 238
113 238
113 237
113 235
114 232
116 228
119 223
123 218
128 213
133 208
138 203
142 198
145 193
147 188
148 183
148 178
148 173