1733
81 102
81 104
81 106
81 108
81 110
81 112
81 114
81 116
81 118
81 120
81 122
81 124
81 126
81 128
81 130
81 132
81 134
81 136
81 138
81 140
81 142
81 144
81 146
81 148
81 150
81 152
81 154
81 156
81 158
81 160
81 162
81 164
81 166
81 168
81 170
81 172
81 174
81 176
81 178
81 180
81 182
81 184
81 186
81 188
81 190
81 192
81 194
81 196
81 198
81 200
81 202
81 203
81 203
81 202
81 200
81 197
81 194
81 191
81 188
81 185
81 182
81 179
81 176
81 173
81 170
82 167
84 164
87 161
91 158
96 155
101 152
106 149
111 146
116 144
121 143
126 143
130 144
133 146
135 148
136 150
136 152
136 154
136 156
136 158
136 160
136 162
136 164
136 166
136 168
136 170
136 172
136 174
136 176
136 179
136 183
136 188
136 194
137 201
139 208
142 214
146 219
151 223
156 226
161 228
166 230
171 232
175 233
178 233
180 232
181 230
181 227
181 224
181 221
181 218
181 215
181 212
181 209
181 206
181 203
181 200
181 197
181 194
181 191
181 188
181 185
181 182
181 179
181 176
181 173
181 170
181 167
181 164
182 161
184 158
187 155
191 152
196 149
201 146
206 143
211 140
216 137
221 134
225 131
228 128
230 125
231 122
231 119
230 116
228 113
225 110
221 107
216 104
211 102
206 101
201 101
196 102
191 104
186 106
181 108
176 110
171 112
166 114
161 116
156 118
151 120
146 122
141 124
136 126
131 129
126 133
121 138
116 144
111 151
106 158
101 165
96 172
91 179
86 186
81 193
76 198
71 200
66 202
62 204
62 206
62 208
62 210
62 212
62 214
62 215
62 215
62 214
62 212
62 209
62 206
62 203
62 200
63 197
65 194
68 191
72 188
77 185
82 182
87 179
92 176
97 173
101 170
104 167
106 164
107 161
107 158
107 155
107 152
107 149
107 146
107 143
107 140
107 137
107 134
107 131
107 128
107 125
107 122
107 119
107 116
107 113
107 110
107 107
107 104
107 101
108 98
110 95
113 92
117 89
122 86
127 83
132 80
137 78
142 77
147 77
152 78
157 80
162 82
167 84
172 86
177 88
181 90
184 92
186 94
187 96
187 98
187 100
187 102
187 104
187 106
187 107
187 107
187 106
187 104
187 101
187 98
187 95
187 92
187 89
187 86
187 83
187 81
187 80
187 80
187 81
187 83
187 85
188 87
190 89
193 91
197 93
202 95
207 97
212 99
217 101
221 103
224 105
226 107
227 109
227 111
226 113
224 115
221 117
217 119
212 121
207 123
202 125
197 127
192 129
187 131
182 133
177 135
172 137
167 139
162 141
157 143
152 145
147 147
142 149
137 151
132 153
127 155
122 157
117 159
112 161
107 163
102 165
97 167
92 169
87 170
82 170
77 169
72 167
67 164
62 162
57 162
52 164
47 166
42 168
37 170
32 172
27 174
22 176
18 178
22 180
23 182
25 184
28 186
32 188
37 190
42 192
47 194
52 196
57 198
62 200
67 202
72 204
77 206
82 208
87 210
92 212
97 214
102 216
107 218
112 220
117 222
122 224
127 226
132 227
137 227
142 226
147 224
152 221
157 218
162 215
167 212
172 209
176 206
179 203
181 200
182 197
182 194
182 191
182 188
182 185
182 182
182 179
182 176
182 173
182 170
182 167
182 164
182 161
182 158
182 155
182 152
182 149
182 146
183 143
185 140
188 137
192 134
197 131
202 128
207 125
212 122
216 119
218 116
218 113
218 110
218 107
218 104
218 101
218 98
218 95
218 92
218 89
218 86
218 83
218 80
218 77
217 74
215 71
212 68
208 65
203 62
198 59
193 56
188 53
183 50
182 47
182 44
182 41
182 38
182 35
182 32
182 29
182 26
182 23
182 20
182 17
182 20
182 19
182 20
182 21
182 23
182 25
182 27
182 29
182 31
182 33
182 35
182 37
182 39
182 41
183 43
185 45
188 47
192 49
197 51
202 53
207 55
212 57
217 59
222 61
227 63
231 65
234 67
236 69
237 71
237 73
236 75
234 77
231 79
227 81
222 83
217 85
212 87
207 89
202 91
197 93
192 95
187 97
182 99
177 101
172 103
167 105
162 107
157 109
152 111
147 113
142 115
137 117
132 119
127 121
122 123
117 125
112 127
107 129
102 131
97 133
92 135
87 137
82 139
77 141
72 142
67 143
62 143
57 142
52 140
47 137
42 134
37 131
32 128
27 125
22 122
17 119
22 116
22 113
22 110
22 107
23 104
25 101
28 98
32 95
37 93
42 92
47 92
52 93
57 95
62 97
67 99
72 101
77 103
82 105
87 107
92 109
97 111
102 113
107 115
112 117
117 120
122 124
127 129
132 135
137 138
142 140
147 142
152 144
157 146
162 148
167 150
172 152
177 154
182 156
187 158
191 160
194 162
196 164
197 166
197 168
196 170
194 172
191 174
187 175
182 175
177 174
172 172
167 169
163 166
160 163
158 160
157 157
157 154
157 151
157 148
158 145
160 142
163 139
167 136
172 133
177 131
182 128
187 125
192 122
196 119
199 116
201 113
202 110
202 107
202 104
202 101
202 98
202 95
202 92
202 89
202 86
202 83
202 80
202 77
202 74
202 71
202 68
202 65
202 62
202 62
202 64
202 66
202 68
202 70
202 72
202 74
202 76
201 78
199 80
196 82
192 84
187 86
182 88
177 90
172 92
167 94
162 96
157 98
152 100
147 101
142 101
137 100
132 98
127 95
123 92
120 89
118 87
117 86
117 86
117 87
117 89
117 91
117 93
117 95
117 97
117 99
117 101
117 102
117 102
117 102
117 104
117 106
117 108
117 110
117 112
117 114
117 116
117 118
117 120
117 122
117 124
117 126
117 128
117 130
116 132
114 134
111 136
107 137
102 137
97 136
92 134
87 131
82 128
78 125
75 122
73 119
72 116
72 117
72 119
72 121
72 123
72 125
72 127
72 129
72 131
72 133
72 135
72 137
72 139
72 141
72 143
72 145
71 147
69 149
66 150
62 150
57 149
52 147
47 144
42 141
38 138
35 135
33 132
32 129
32 126
32 123
32 120
32 117
32 114
32 111
32 108
32 105
32 102
32 99
32 96
32 93
32 90
32 87
32 84
32 81
32 78
32 75
32 72
32 69
33 66
35 64
38 63
42 63
47 64
52 66
57 68
62 70
67 72
72 74
77 76
82 78
87 80
92 82
96 84
99 86
101 88
102 90
102 92
102 94
103 96
105 98
108 100
112 102
117 105
122 109
127 114
132 120
137 127
142 134
147 141
152 148
157 155
162 162
167 169
172 176
177 183
182 190
187 197
192 204
197 211
202 218
206 225
209 232
211 239
212 246
212 253
212 260
212 267
212 274
212 281
212 288
211 295
209 302
206 309
202 316
197 320
192 322
187 324
182 326
182 328
182 329
182 329
182 328
182 326
182 323
182 320
182 317
182 314
182 311
182 308
182 305
182 302
182 299
182 296
182 293
182 290
182 287
182 284
182 281
182 278
182 275
182 272
182 269
182 266
182 263
181 260
179 257
176 254
172 251
167 248
162 245
157 242
153 239
150 236
148 233
147 230
147 227
147 224
147 221
147 218
147 215
147 212
147 214
147 216
147 218
147 220
147 222
147 224
147 226
147 228
147 230
147 232
147 234
147 236
146 238
144 239
141 240
137 240
132 239
127 237
122 234
117 231
112 228
107 225
103 222
100 219
98 216
97 213
97 210
97 207
97 204
98 201
100 198
103 195
107 192
112 189
117 186
122 183
127 180
132 177
137 174
142 176
147 178
152 180
157 182
162 184
167 186
172 188
177 190
182 192
187 194
192 196
197 198
202 200
207 202
212 204
217 206
222 208
227 210
232 212
237 214
242 216
247 218
252 220
257 221
262 221
267 220
272 218
277 215
282 212
287 209
292 206
297 203
302 200
306 197
309 194
311 191
312 188
312 185
312 182
312 179
312 176
312 173
311 170
309 167
306 164
302 161
297 158
292 155
287 152
282 154
277 156
272 158
267 160
262 162
257 164
252 166
247 168
242 170
237 172
232 174
227 176
222 178
217 180
212 182
207 183
202 183
197 182
192 180
187 177
182 174
178 171
175 168
173 165
172 162
172 159
172 156
172 153
172 150
172 147
172 144
172 141
172 138
172 135
172 132
172 129
172 126
172 123
172 120
172 117
172 114
172 116
172 118
172 120
172 122
172 124
172 126
172 128
172 130
172 132
172 134
172 136
173 138
175 140
178 142
182 144
187 146
192 148
197 150
202 152
207 154
211 156
214 158
216 160
217 162
217 164
217 166
217 168
217 169
217 169
217 168
217 168
217 170
217 172
218 174
220 175
223 175
227 174
232 172
237 169
242 166
247 163
252 160
257 157
262 154
267 151
272 148
277 145
282 142
287 139
292 136
297 134
302 133
307 133
312 134
317 136
322 138
327 140
332 142
337 144
342 146
347 148
352 151
357 155
362 158
367 160
372 162
377 164
382 166
378 168
379 170
378 172
378 174
377 176
375 178
372 180
368 182
363 184
358 186
353 187
348 187
343 186
338 184
333 181
328 178
323 175
318 172
313 169
308 170
303 172
298 174
293 176
288 178
283 180
278 182
273 184
268 186
263 188
258 190
253 192
248 194
243 196
238 198
233 200
228 202
223 204
218 206
213 208
208 210
203 212
198 214
193 216
188 218
183 220
178 222
173 224
168 226
163 228
158 230
153 232
148 233
143 233
138 232
133 230
128 227
123 224
118 221
113 218
108 215
103 212
98 209
93 206
88 203
83 200
78 197
74 194
71 191
69 188
68 190
68 192
69 194
71 196
74 198
78 200
83 202
88 204
93 206
98 208
103 210
108 212
113 214
118 216
123 218
128 220
133 222
138 224
143 226
147 228
147 230
147 232
147 234
147 236
147 237
147 237
147 236
147 234
147 231
147 228
147 225
147 222
147 219
147 216
148 213
150 210
153 207
157 204
162 201
167 198
172 196
177 195
182 195
187 196
192 198
197 200
202 202
207 204
212 206
217 208
222 210
227 212
232 214
237 216
242 218
247 220
252 222
257 224
262 226
267 228
272 230
277 232
282 234
287 236
292 237
297 237
302 236
307 234
312 231
317 228
322 225
327 222
332 219
337 216
342 213
347 210
352 207
356 204
359 201
361 198
362 195
362 192
361 189
359 186
356 183
352 181
347 180
342 180
337 181
332 183
327 185
322 187
317 189
312 191
307 193
302 195
302 197
302 198
302 198
302 197
301 195
299 192
296 189
292 186
287 183
282 180
277 178
272 177
267 177
262 178
258 180
255 182
253 184
252 186
252 188
252 190
252 192
252 194
251 196
249 198
246 200
242 202
237 204
232 206
227 208
222 210
221 212
221 214
221 216
221 217
221 217
220 216
218 214
215 211
211 208
206 205
201 202
196 199
192 196
189 193
187 190
186 187
186 184
186 181
186 178
186 175
186 172
186 169
187 166
189 163
192 160
196 157
201 154
206 151
211 148
216 145
221 142
226 139
231 136
236 133
241 130
246 128
251 127
256 127
261 128
266 130
271 132
276 135
281 139
286 144
291 150
296 157
298 164
298 171
298 174
298 176
298 178
298 180
298 182
298 184
298 186
298 188
298 190
298 192
298 194
297 196
295 198
292 200
288 201
283 201
278 200
273 198
268 195
263 192
258 189
253 186
248 183
243 180
238 178
233 177
228 177
223 178
218 180
213 182
208 184
203 186
198 187
193 187
188 186
183 184
178 181
173 178
168 175
163 176
158 178
153 180
148 181
143 181
138 180
133 178
128 175
123 172
119 169
116 166
114 163
113 160
113 157
113 154
113 151
113 148
113 145
113 142
114 139
116 136
119 138
123 140
128 142
133 143
138 145
143 147
148 149
148 151
148 153
148 155
148 157
148 159
148 161
148 163
148 165
148 167
148 169
148 171
148 173
148 175
148 177
148 178
148 178
148 177
148 175
148 172
148 169
148 166
148 163
148 160
148 157
148 154
148 151
148 148
148 145
148 142
148 139
148 136
147 133
145 132
142 133
138 133
133 132
128 130
123 127
118 124
113 121
108 118
103 115
98 112
93 109
93 117
93 118
93 120
93 122
93 124
93 126
93 128
93 130
93 132
93 134
93 136
93 138
93 140
93 142
93 144
93 146
93 148
93 150
93 152
93 154
94 156
96 157
99 158
103 158
108 157
113 155
118 152
123 149
128 146
133 143
138 140
142 137
145 134
147 131
148 129
148 128
148 128
148 129
148 131
148 133
148 135
148 137
148 139
148 141
148 143
148 145
149 147
151 149
154 151
158 153
163 155
168 157
173 159
178 161
183 163
188 164
193 164
198 163
203 161
208 158
213 155
218 152
223 149
228 146
233 143
238 140
243 137
248 134
253 135
258 135
263 134
268 132
273 129
278 126
283 123
288 120
293 117
298 114
303 111
306 110
306 116
306 118
306 120
306 122
306 124
306 126
306 128
306 130
305 131
303 133
300 134
296 134
291 133
286 131
281 128
276 125
271 122
266 119
261 116
256 113
251 110
246 107
241 104
236 101
231 98
226 95
221 92
216 89
211 86
206 83
201 80
197 77
194 75
192 74
191 74
191 75
191 77
191 79
191 81
191 83
191 85
191 87
191 89
191 91
191 93
191 95
191 97
191 99
192 101
194 103
197 105
201 106
206 106
211 105
216 103
221 100
226 97
231 94
236 91
241 88
246 85
251 83
256 82
261 82
266 83
271 85
276 87
281 89
286 91
291 93
296 95
301 97
306 99
311 101
316 103
321 106
326 110
331 115
336 121
341 128
346 135
351 142
356 149
361 156
366 163
371 170
376 177
381 184
378 191
379 198
378 205
378 212
377 219
375 226
373 229
373 229
372 231
372 233
372 235
372 237
372 238
371 238
369 237
366 235
362 232
357 229
352 226
347 223
342 220
337 217
332 214
327 211
322 208
317 205
312 202
307 199
303 196
300 193
298 190
297 187
297 184
297 181
297 178
297 175
297 172
297 169
297 166
296 163
294 160
291 157
287 154
282 151
277 148
272 146
267 147
262 147
257 146
252 144
247 141
242 138
237 135
233 132
230 129
228 126
227 125
227 126
227 128
227 130
227 132
227 134
227 136
227 138
227 140
227 142
227 144
227 146
227 148
227 150
227 152
227 154
227 156
226 158
224 159
221 160
217 160
212 159
207 157
202 154
197 151
192 148
187 145
183 142
182 139
182 136
182 133
182 130
182 127
182 124
182 121
182 118
182 115
183 112
185 109
188 106
192 103
197 100
202 97
207 94
212 96
217 98
222 100
227 102
232 104
237 106
242 108
247 110
252 112
257 114
262 116
267 118
272 121
277 125
282 130
287 136
292 143
297 150
302 157
307 164
312 171
317 174
322 176
327 178
332 180
337 182
342 184
347 186
352 188
357 190
362 192
366 194
369 196
371 198
372 199
372 199
372 198
372 196
372 193
372 190
372 187
372 184
372 181
372 178
372 175
372 172
372 169
372 166
372 163
372 160
372 157
372 154
372 151
372 148
372 145
372 142
372 139
372 136
372 133
372 130
372 127
372 124
372 121
372 118
372 115
372 112
371 109
369 106
366 103
362 100
357 97
352 94
347 91
342 88
339 85
335 82
332 79
330 76
329 73
329 70
329 68
329 67
329 67
329 68
329 70
329 72
329 74
329 76
329 78
329 80
329 82
328 84
326 86
323 88
319 90
314 92
309 94
304 96
299 97
294 97
289 96
284 94
279 91
274 88
269 85
264 82
259 79