1730
198 80
198 82
198 84
198 86
198 88
198 90
198 92
198 94
198 96
198 98
198 100
198 102
198 104
198 106
198 108
198 110
198 112
198 114
198 116
198 118
198 120
198 122
198 124
198 126
198 128
198 130
197 132
195 133
192 133
188 132
183 130
178 127
173 124
168 121
163 118
158 115
153 112
148 109
143 106
138 103
134 100
131 97
129 94
128 91
128 88
129 86
131 85
134 85
138 86
143 88
148 90
153 92
158 94
163 96
168 98
173 100
178 102
183 104
188 106
192 108
195 110
197 112
198 114
198 116
198 118
198 120
198 122
198 124
198 126
198 128
198 130
198 132
198 134
198 135
198 135
198 134
198 132
198 129
198 126
198 123
198 120
198 117
198 114
198 111
198 108
198 105
198 102
198 99
198 96
198 93
198 90
198 87
198 84
198 82
198 81
198 81
198 82
198 84
198 86
198 88
198 90
198 91
198 91
198 90
198 88
198 85
198 82
198 79
198 76
198 73
198 70
198 67
198 64
198 61
198 58
198 55
198 52
197 49
195 46
192 43
188 40
183 37
178 34
173 31
168 28
163 25
158 22
153 19
149 20
146 21
144 23
143 25
143 27
143 29
143 31
143 33
143 36
143 40
143 45
142 51
140 58
137 65
133 72
128 79
123 86
118 93
113 100
108 107
103 114
98 121
93 128
88 135
83 142
78 146
73 148
68 150
63 152
62 154
62 156
62 158
62 159
62 159
62 158
62 156
62 153
62 150
62 147
62 144
62 141
62 138
62 135
62 132
62 129
62 126
62 123
62 120
62 117
62 114
62 111
63 108
65 105
68 102
72 99
77 96
82 93
87 90
92 87
97 84
102 81
106 78
109 75
111 72
112 69
112 66
112 63
112 60
112 57
112 54
112 51
112 48
112 45
112 42
112 39
112 36
112 33
112 30
113 27
115 24
118 21
122 18
127 20
132 21
137 23
142 25
147 27
152 29
157 31
162 32
167 32
172 31
177 29
182 26
187 23
191 20
194 17
196 20
197 21
197 23
197 25
197 27
197 29
197 31
197 33
198 35
200 37
203 39
207 41
212 43
217 45
222 47
227 49
232 51
237 53
241 55
244 57
246 59
247 61
247 63
246 65
244 67
241 69
237 71
232 73
227 75
222 77
217 79
212 81
207 83
202 85
197 87
192 89
187 91
182 93
177 95
172 97
167 99
162 101
157 103
153 105
150 107
148 109
147 111
147 113
148 115
150 117
153 119
157 121
162 123
167 125
172 127
177 129
182 131
187 132
192 132
197 131
202 129
207 126
212 123
217 120
222 117
227 114
232 111
237 108
242 105
246 102
249 99
251 96
252 93
252 90
252 87
252 84
252 81
251 78
249 75
246 72
242 69
237 66
232 63
227 60
222 57
217 54
213 51
210 48
208 45
207 43
207 42
208 42
210 43
213 45
217 47
222 49
227 51
232 53
237 55
242 57
247 59
252 61
257 63
262 65
267 67
272 69
277 71
282 74
287 78
292 83
297 89
302 96
307 103
312 109
317 114
322 118
327 121
332 123
337 125
342 126
347 126
352 125
357 123
362 120
367 117
372 114
377 111
382 108
378 105
378 102
378 99
378 96
378 93
378 90
377 87
375 84
372 81
368 78
363 75
358 72
353 70
348 69
343 69
341 70
341 72
341 73
341 73
340 72
340 70
340 67
340 64
340 61
340 58
340 55
340 52
340 49
341 46
343 43
346 40
350 37
355 35
360 34
365 34
370 35
375 37
380 39
378 41
379 43
378 45
378 47
378 49
377 51
375 53
372 54
368 54
363 53
358 51
353 48
348 45
343 42
338 39
333 36
328 33
323 30
318 27
313 24
308 21
303 18
298 20
294 19
291 20
289 19
288 20
288 21
289 23
291 25
294 27
298 29
303 31
308 33
313 35
318 37
322 39
325 41
327 43
328 45
328 47
327 49
325 51
322 53
318 55
313 57
308 59
303 61
298 63
293 65
288 67
283 69
278 71
273 73
268 75
263 77
258 79
253 81
248 83
243 85
238 87
233 89
228 91
223 93
218 95
213 97
208 99
203 101
198 103
193 105
188 107
183 109
178 111
173 113
168 115
163 116
158 116
153 115
148 113
143 110
138 107
133 108
128 110
123 112
118 114
113 116
108 118
103 120
98 122
93 124
88 126
83 128
78 130
73 132
68 134
63 136
58 138
53 140
48 141
43 141
38 140
33 138
28 135
23 132
18 129
22 126
21 123
22 120
21 117
22 114
22 111
22 108
22 105
22 102
22 99
23 96
25 93
28 90
32 87
37 84
42 81
47 78
52 75
57 73
62 72
67 72
72 73
77 75
82 77
87 80
92 84
97 89
102 95
107 102
112 108
117 113
122 117
127 120
132 124
137 129
142 135
147 142
152 146
157 148
162 150
167 152
172 154
177 155
182 155
187 154
192 152
197 149
202 146
207 143
212 140
216 137
219 134
221 131
222 128
222 125
222 122
222 119
222 116
222 113
222 110
222 107
222 109
222 111
222 113
221 115
219 116
216 116
212 115
207 113
202 110
197 107
193 104
190 101
188 98
187 95
187 92
187 89
187 86
187 83
187 80
187 77
187 74
187 71
187 68
186 65
184 62
181 59
179 56
178 53
178 54
179 56
180 58
181 60
181 62
180 64
178 66
175 68
171 70
166 72
161 74
156 76
151 78
146 80
141 82
136 84
131 85
126 85
121 84
116 82
111 79
106 76
101 73
96 70
91 67
86 64
81 61
76 58
71 55
66 52
62 49
59 46
57 43
56 40
56 37
56 34
56 31
56 28
56 25
56 22
56 19
56 20
57 19
58 20
58 19
58 20
58 19
58 20
58 19
58 20
58 19
58 20
57 19
55 20
52 19
48 20
43 19
38 20
33 21
28 23
23 25
18 27
22 29
21 31
22 33
21 34
22 34
21 33
22 31
21 28
22 25
21 22
22 19
22 20
22 19
22 20
22 19
22 20
23 19
25 20
28 19
32 20
37 21
42 23
47 25
52 27
57 28
62 28
67 27
72 25
77 22
82 20
87 19
92 20
97 21
102 23
107 25
112 27
117 29
122 31
127 33
132 35
137 37
142 39
147 41
152 43
157 46
162 50
167 55
172 61
177 68
182 75
187 82
192 89
197 96
202 103
207 110
211 117
214 124
216 131
217 138
217 145
216 152
214 159
211 166
207 173
204 180
202 187
201 193
201 198
201 202
201 205
201 207
201 209
201 211
201 212
201 212
201 211
201 209
201 206
201 203
201 200
201 197
201 194
201 191
201 188
201 185
201 182
201 179
201 176
201 173
201 170
202 167
204 164
207 161
211 158
216 155
221 152
225 149
228 146
230 143
231 140
231 137
230 134
228 131
225 128
221 125
216 122
211 119
206 116
201 114
196 116
191 118
186 120
181 122
176 124
171 126
166 128
161 130
156 132
151 134
146 135
141 135
136 134
131 132
126 129
121 126
116 123
111 120
107 117
104 114
102 111
101 108
101 105
101 102
101 99
101 96
101 93
102 90
104 87
107 84
111 81
116 78
121 75
126 72
131 69
136 66
141 68
146 70
151 72
156 74
161 76
166 78
171 80
176 82
181 84
186 86
191 88
196 90
201 92
206 94
211 96
216 98
221 100
226 102
231 104
236 106
241 108
246 110
251 112
256 114
261 116
266 118
271 120
276 122
281 124
286 126
291 128
296 130
301 131
306 131
311 130
316 128
321 125
326 122
331 119
336 116
341 113
346 110
351 107
356 104
361 101
366 98
371 95
375 92
378 89
380 86
378 83
377 80
375 77
372 74
368 72
363 71
358 71
353 72
348 74
343 76
338 78
333 80
328 82
323 84
318 86
313 88
308 90
303 92
298 94
293 96
288 98
283 100
278 102
273 104
268 106
263 108
258 110
253 112
248 114
243 116
238 118
233 119
228 119
223 118
218 116
213 113
208 110
203 107
198 104
193 101
188 98
183 95
179 92
176 89
174 86
173 83
173 80
174 77
176 74
179 71
183 68
188 65
193 62
198 59
203 56
208 54
213 53
218 53
223 54
228 56
233 58
238 60
243 62
247 64
250 66
252 68
253 70
253 72
252 74
250 76
247 78
243 80
238 82
233 84
228 86
223 88
218 90
213 92
208 94
203 96
198 98
193 100
188 102
184 104
181 106
179 108
178 110
178 112
179 114
181 116
184 118
188 120
193 122
198 124
203 126
208 128
213 130
218 132
223 133
228 133
233 132
238 130
243 127
248 124
253 121
258 118
263 115
268 112
273 109
278 106
283 103
287 100
290 97
292 94
293 91
293 88
292 85
290 82
287 79
283 76
278 73
273 70
268 67
263 64
258 62
253 61
248 61
243 62
238 64
233 66
228 68
223 70
218 72
213 74
208 76
203 78
198 80
193 82
188 84
183 86
178 88
173 90
168 92
163 94
158 96
153 98
148 100
143 102
138 104
133 106
128 108
123 110
118 112
113 114
108 115
103 115
98 114
93 112
88 109
83 106
79 103
76 100
74 97
73 94
73 91
74 88
76 85
79 82
83 79
88 76
93 73
98 70
103 68
108 67
113 67
118 68
123 70
128 72
133 74
138 76
143 78
148 80
153 82
158 84
163 86
168 88
173 90
178 92
183 94
188 96
193 98
198 100
203 102
208 105
213 109
218 114
223 116
228 118
233 120
238 122
243 124
248 126
253 128
258 130
263 132
268 133
273 133
278 132
283 130
288 127
293 124
298 121
303 118
308 115
313 112
318 109
323 106
328 103
333 100
337 97
340 94
342 91
343 88
343 85
342 82
340 79
337 76
333 73
328 70
323 67
318 64
313 61
309 58
306 55
304 52
303 49
303 46
303 43
303 40
303 37
303 34
303 31
303 28
303 25
303 22
304 19
306 20
309 19
313 20
318 21
323 23
328 25
333 27
338 29
343 31
348 33
353 35
358 37
363 39
368 41
372 43
375 45
377 47
378 49
378 51
377 53
375 55
372 57
368 59
363 61
358 63
353 65
348 67
343 69
338 71
333 73
328 75
323 77
318 79
313 81
308 82
303 82
298 81
293 79
288 76
283 73
278 70
273 67
268 64
263 66
258 68
253 70
248 72
243 74
238 76
233 78
228 80
223 82
218 84
213 86
213 88
213 90
213 92
213 94
213 95
212 95
210 94
207 92
203 89
198 86
193 83
188 80
183 77
178 75
173 74
170 74
170 78
170 80
170 82
170 84
170 86
170 88
170 91
169 95
167 100
164 106
160 111
155 115
150 118
145 120
140 122
135 124
130 126
125 128
120 130
115 132
110 134
105 136
100 138
95 140
90 141
85 141
80 140
75 138
70 136
65 136
60 135
55 133
50 130
45 127
40 124
35 121
30 118
25 115
20 112
22 109
21 106
22 103
23 100
25 97
28 94
32 91
37 88
42 85
47 82
52 79
57 76
58 74
58 73
59 73
60 74
61 76
61 78
61 80
61 82
61 84
60 86
58 88
55 90
51 92
46 93
41 93
36 92
31 90
26 87
22 84
19 81
22 78
23 75
25 72
28 69
32 70
37 72
42 74
47 76
52 78
57 80
62 82
67 84
72 86
77 88
82 90
87 93
92 97
97 102
102 108
107 115
112 122
117 129
122 136
127 143
132 146
137 148
142 150
147 152
152 154
157 156
162 158
167 160
172 162
177 164
182 165
187 165
192 164
197 162
202 159
207 156
212 153
217 151
222 150
227 150
232 151
237 153
242 155
247 157
252 159
257 161
262 162
267 162
272 161
277 159
282 156
287 153
292 150
297 147
302 144
307 141
312 138
317 135
322 132
327 129
332 126
337 123
339 120
341 117
344 115
348 114
353 114
358 115
363 117
368 119
373 121
378 123
383 125
378 127
379 129
378 131
379 133
378 135
379 137
378 139
379 141
378 143
379 144
378 144
379 143
378 141
379 138
378 135
378 132
378 129
378 126
378 123
377 120
375 117
372 115
368 114
363 114
358 115
353 117
348 119
343 121
341 123
341 125
341 127
341 129
341 130
341 130
340 129
338 127
335 124
331 121
326 118
321 115
316 112
311 109
306 107
301 106
296 106
291 107
286 109
281 111
276 113
271 115
266 117
262 119
262 121
262 123
262 125
262 126
262 126
262 125
262 123
262 120
262 117
262 114
262 111
261 108
259 105
256 102
252 99
247 96
242 93
237 90
232 88
227 87
222 87
217 88
212 90
207 92
202 94
197 96
192 98
187 100
182 102
177 104
172 106
167 108
162 110
157 112
152 113
147 113
142 112
142 110
142 107
142 104
142 101
142 98
142 95
142 92
141 89
139 86
136 83
132 81
127 80
122 80
117 81
112 83
107 85
102 87
97 89
92 91
87 93
82 95
77 98
72 102
67 107
62 113
58 120
53 127
48 134
43 141
38 148
33 155
28 162
23 169
18 175
22 180
21 184
22 187
22 189
22 191
22 192
22 192
22 191
22 189
22 186
22 183
22 180
23 177
25 174
28 171
32 172
37 174
42 176
47 178
52 179
57 179
62 178
67 176
72 173
77 170
82 167
87 164
92 161
97 158
101 155
104 152
106 149
107 146
107 143
106 140
104 137
101 134
97 136
92 138
87 140
82 142
77 144
72 146
67 147
62 147
57 146
52 144
47 141
42 138
37 135
32 132
27 129
23 126
20 123
22 120
22 117
22 114
22 111
22 108
22 105
22 102
22 99
22 96
22 93
23 90
25 87
28 84
32 81
37 78
42 80
47 82
52 83
57 83
62 82
67 80
72 77
77 74
82 72
87 71
92 71
97 72
102 74
107 76
112 78
117 80
122 82
127 84
132 86
137 87
142 87
147 86
152 84
157 81
162 78
167 75
172 72
177 69
182 66
187 63
192 60
197 57
202 54
207 51
212 48
217 45
222 42
227 39
232 36
237 37
237 41
238 42
240 44
241 46
241 48
240 50
238 52
235 54
231 56
226 57
221 57
216 56
211 54
206 51
201 48
196 45
191 42
186 39
182 36
182 33
182 30
182 27
182 24
183 21
185 18
188 20
192 19
197 20
202 19
207 20
212 19
217 20
222 19
227 20
232 21
237 23
242 25
247 27
252 29
257 31
261 33
264 35
266 37
267 39
267 41
266 43
264 45
261 47
257 49
252 51
247 53
242 55
237 57
232 59
227 61
222 63
217 65
212 67
207 69
202 71
197 73
192 75
187 77
182 79
177 81
172 83
167 85
162 87
157 89
152 91
147 93
142 95
137 97
132 99
127 101
122 103
117 104
112 104
107 103
102 101
97 98
92 95
87 92
82 89
77 86
72 83
67 80
62 77
57 75
52 74
47 74
42 75
37 77
32 79
27 81
22 83
17 85
22 87
21 89
22 91
21 93
22 95
21 97
22 99
21 100
22 100
23 99
25 97
28 94
32 91
37 88
42 85
47 82
52 79
57 76
62 73
67 70
70 70
70 74
70 76
70 78
70 80
70 82
70 84
70 86
69 88
67 90
64 91
60 91
55 90
50 88
45 85
40 82
35 79
30 76
25 73
20 70
22 67
22 64
22 61
22 58
22 55
23 52
25 49
28 46
32 43
37 40
42 37
47 35
52 34
57 34
62 35
67 37
72 39
77 41
82 43
87 45
92 47
97 49
102 51
107 53
112 55
117 57
122 59
127 61
132 63
137 65
142 67
147 69
152 71
157 73
162 75
167 77
172 79
177 81
182 83
187 85
192 87
197 89
202 91
207 93
212 95
217 96
222 96
227 95
232 93
237 90
242 87
247 84
252 81
257 78
262 75