1703
374 66
374 68
374 70
374 72
374 74
374 76
374 78
374 80
374 82
374 84
374 86
374 88
374 90
374 92
374 94
374 96
374 98
374 100
374 102
374 104
374 106
374 108
374 110
374 112
374 114
374 116
374 118
374 120
374 122
374 124
374 126
374 128
373 130
371 132
368 133
364 133
359 132
354 130
349 127
344 124
339 121
334 118
329 115
324 112
319 109
314 106
309 103
304 100
299 97
294 94
289 91
284 89
279 88
275 88
272 89
270 91
269 93
269 95
269 97
269 99
269 101
269 103
269 105
269 107
269 109
269 111
269 113
269 115
269 117
269 119
268 121
266 123
263 125
259 127
254 129
249 131
244 133
239 135
234 137
229 139
224 141
219 143
214 145
209 147
204 149
199 151
194 153
189 155
184 157
179 159
174 160
169 160
164 159
159 157
154 154
149 151
145 148
142 145
140 142
139 139
139 136
139 133
139 130
139 127
139 124
139 121
140 118
142 115
145 112
149 109
154 106
159 103
164 100
169 97
174 94
178 91
181 88
183 85
184 82
184 79
184 76
184 73
184 70
184 67
184 64
184 61
184 58
184 55
184 52
184 49
184 46
184 43
184 40
184 37
184 37
184 39
184 41
184 43
184 45
184 47
184 49
184 51
184 53
184 55
184 57
184 59
184 61
184 63
184 65
184 67
183 69
181 71
178 73
174 75
169 77
164 79
160 81
157 83
155 85
154 87
154 89
154 91
154 93
154 95
154 97
154 99
154 100
154 100
154 99
154 98
154 100
154 102
154 104
154 106
154 108
154 110
154 112
153 114
151 115
148 115
144 114
139 112
134 109
129 106
124 103
120 100
117 97
115 94
114 91
114 88
114 85
114 82
114 79
114 76
114 73
114 70
115 67
117 64
120 61
124 58
129 56
134 55
139 55
144 56
149 58
154 60
159 62
164 64
169 66
174 68
178 70
181 72
183 74
184 75
184 75
184 74
184 72
184 69
184 66
184 63
184 60
184 57
184 54
184 51
184 48
184 45
184 42
184 39
184 36
184 33
184 30
184 28
184 27
184 27
184 28
184 30
184 32
184 34
184 36
184 38
184 40
184 42
184 44
184 46
183 47
181 47
178 46
174 44
169 41
164 38
159 35
154 32
150 29
147 26
145 23
144 20
144 17
144 20
144 19
144 20
144 19
144 20
144 19
144 20
144 19
144 20
144 19
144 20
144 19
144 20
144 19
145 20
147 19
150 20
154 19
159 20
164 19
169 20
174 19
179 20
184 19
189 20
194 19
199 20
204 19
209 20
214 19
218 20
221 19
223 20
224 19
224 20
224 19
224 20
224 19
224 20
224 19
224 20
224 19
224 20
224 19
224 20
224 19
224 20
223 19
221 20
218 19
214 20
209 19
204 20
199 19
194 20
189 19
184 20
179 19
175 20
172 19
170 20
169 19
169 20
169 21
169 23
169 25
169 27
169 29
169 31
169 33
169 35
169 37
169 39
169 41
169 43
169 45
169 47
169 49
169 51
169 53
169 55
169 57
169 59
169 61
169 63
169 65
168 67
166 69
163 71
159 73
154 75
149 77
144 79
139 80
134 80
129 79
125 77
122 74
120 71
119 68
119 65
119 63
119 62
119 62
119 63
119 65
119 67
119 69
119 71
119 73
120 74
122 74
125 73
129 71
134 68
139 65
144 62
149 59
154 57
156 56
154 58
154 60
154 62
154 64
154 66
154 68
154 70
154 72
154 74
154 76
154 78
154 80
154 82
153 84
151 85
148 85
144 84
139 82
137 79
137 76
137 73
137 70
137 67
137 64
137 61
137 59
137 58
137 58
137 57
137 55
137 52
137 49
137 46
137 43
137 40
137 37
137 34
137 31
137 28
137 26
137 25
137 25
137 26
137 28
137 30
137 32
137 34
137 36
137 38
137 40
137 42
137 43
137 43
137 42
137 40
137 37
137 34
137 31
137 28
137 25
137 22
137 19
137 20
137 19
137 20
137 19
137 20
137 19
137 20
137 19
137 20
137 19
137 20
137 21
137 23
137 25
137 27
137 29
137 31
137 33
137 35
137 37
137 39
137 41
137 43
137 45
137 47
137 49
137 50
137 50
137 49
137 47
136 44
134 41
131 38
127 35
122 32
117 29
113 26
110 23
108 20
107 17
107 20
107 21
107 23
107 25
107 27
107 29
107 31
106 33
104 35
101 37
97 39
92 41
87 43
82 45
78 47
75 49
73 51
72 53
72 55
73 57
75 59
78 61
82 63
87 65
92 67
97 69
102 71
107 73
112 75
117 77
122 79
127 81
132 83
137 85
142 87
147 89
152 91
157 93
162 95
167 97
172 99
177 101
182 103
187 105
192 107
197 109
202 111
207 113
212 115
217 117
222 119
227 120
232 120
237 119
242 117
247 114
252 111
257 108
262 105
267 104
272 106
277 108
282 110
287 112
292 114
297 116
302 118
307 120
312 122
317 124
322 126
327 128
332 130
337 132
341 134
344 136
346 138
347 140
347 142
347 144
347 146
347 148
347 150
347 152
347 154
347 156
347 158
347 160
347 162
347 164
347 166
347 168
347 170
346 172
344 174
341 176
337 178
332 180
327 181
322 181
317 180
313 178
310 175
308 172
308 169
308 166
308 163
308 160
308 157
308 154
308 151
308 148
308 145
308 142
308 139
308 136
308 133
308 130
308 127
308 124
308 121
308 118
308 115
308 112
308 109
308 106
308 103
308 100
308 97
308 94
308 91
308 88
308 85
308 82
308 79
308 76
308 73
308 70
308 68
308 67
308 67
308 68
308 70
308 72
308 74
308 76
308 78
308 80
308 82
308 84
308 86
308 88
308 90
308 91
308 91
308 90
308 88
308 85
308 82
308 79
308 76
308 73
308 70
308 67
308 64
308 61
308 58
308 55
308 52
308 49
308 46
308 43
308 40
308 37
308 34
308 31
308 28
308 25
307 22
307 19
307 20
307 21
307 23
307 25
307 27
306 29
304 31
301 33
297 35
296 37
296 39
296 41
296 43
296 45
296 47
296 49
296 51
296 53
296 55
296 57
296 59
296 61
296 63
296 65
296 67
296 69
296 71
296 73
296 75
296 77
296 79
296 81
296 82
295 82
293 81
290 79
286 76
281 73
276 70
271 67
266 65
261 64
256 64
251 65
246 67
241 69
236 71
231 73
226 75
221 77
216 79
211 81
206 83
201 85
196 88
191 92
186 97
181 101
176 104
171 106
166 108
161 110
156 112
151 114
146 116
141 118
136 119
131 119
126 118
121 116
116 113
112 110
109 107
107 105
106 104
106 104
107 105
109 107
112 109
116 111
121 113
126 115
131 117
136 119
141 121
146 123
151 125
156 127
161 128
166 128
171 127
176 125
181 122
186 119
191 116
196 113
200 110
203 107
205 104
206 101
206 98
206 95
205 92
203 89
200 86
196 83
194 80
194 77
194 74
194 71
194 68
194 65
194 62
194 59
194 56
194 53
195 50
197 47
200 44
204 41
208 38
211 35
215 32
220 29
224 26
227 26
229 28
230 30
230 32
229 34
227 36
224 38
220 40
215 42
210 44
205 46
200 48
195 50
190 52
185 54
180 56
175 58
170 60
165 62
160 64
155 66
150 68
145 70
140 72
135 74
130 76
125 78
120 80
115 82
110 84
105 86
100 88
95 90
90 91
85 91
80 90
75 88
70 85
65 82
60 79
55 76
50 73
45 70
40 67
35 64
30 61
25 58
20 55
22 53
21 52
22 52
21 53
22 53
21 52
22 50
21 47
22 44
21 41
22 38
22 35
22 32
22 29
22 26
22 23
22 20
22 17
23 20
25 21
28 23
32 25
36 27
36 29
36 31
36 33
36 35
36 37
36 39
36 41
36 43
36 45
36 47
36 49
36 51
36 53
36 55
36 57
36 59
35 61
33 63
30 65
26 67
21 68
22 68
21 67
22 65
21 62
22 59
21 56
22 53
21 50
22 47
21 44
22 41
22 38
22 35
22 32
22 29
22 26
22 23
23 20
25 17
28 20
32 19
37 20
42 19
47 20
52 21
57 23
62 25
67 27
72 29
77 32
82 36
87 41
92 47
93 54
93 61
93 65
93 67
93 69
93 71
93 73
93 75
93 77
93 79
93 81
93 83
93 85
93 87
93 89
92 91
90 93
87 95
83 97
78 98
73 98
68 97
63 95
58 92
53 89
48 86
43 83
38 80
33 77
28 74
23 71
18 68
22 65
22 62
22 59
22 56
23 53
25 50
28 47
32 44
37 42
42 41
47 41
52 42
57 44
62 46
67 49
72 53
77 58
82 64
87 71
92 78
93 85
93 92
93 99
93 105
93 110
93 114
92 117
90 119
87 120
83 120
80 119
78 117
77 114
77 111
78 108
80 105
83 102
87 99
92 96
97 93
102 90
107 87
112 84
117 81
122 78
127 75
132 72
137 69
142 66
147 63
152 61
157 60
162 60
167 61
172 63
177 65
182 67
187 69
192 71
197 73
202 75
207 78
212 82
217 87
222 93
227 100
232 107
237 114
242 121
247 127
252 132
257 136
262 139
267 141
272 143
277 145
282 146
287 146
292 145
297 143
302 140
307 137
312 134
317 131
322 128
327 125
332 122
337 119
342 116
347 113
352 110
357 107
362 104
367 101
372 98
376 95
379 92
378 89
377 86
375 84
372 83
368 83
363 84
358 86
353 88
348 90
343 92
338 94
333 96
328 97
323 97
318 96
313 94
308 91
303 88
299 85
296 82
294 80
293 79
293 79
294 80
296 82
299 84
303 86
308 88
313 90
318 92
323 94
328 96
333 98
338 100
343 102
348 104
353 106
358 108
362 110
365 112
367 114
368 117
368 121
367 126
365 132
362 139
358 146
353 153
348 160
343 167
338 174
333 181
328 188
323 195
318 202
313 209
308 216
303 223
298 230
293 237
288 244
283 251
278 258
273 265
268 272
263 279
258 285
253 290
248 294
243 297
238 299
233 301
228 303
223 305
218 306
213 306
208 305
203 303
198 300
193 297
188 295
183 297
178 299
173 301
168 303
163 305
158 306
153 306
148 305
143 303
138 300
133 297
128 294
123 291
118 288
113 285
108 282
103 279
98 276
93 273
88 270
83 267
78 264
73 261
68 258
63 255
59 252
56 249
54 246
53 243
53 240
54 237
56 234
59 231
63 228
68 225
73 222
78 219
83 216
88 213
93 210
98 207
103 204
108 201
113 198
118 195
123 192
128 189
133 186
138 183
143 180
148 177
153 174
158 171
163 168
168 165
173 162
178 159
183 156
188 153
193 150
198 148
203 147
208 147
213 148
218 150
223 152
228 154
233 156
238 158
243 160
248 163
253 167
258 172
263 178
268 185
273 192
278 199
283 205
288 210
293 214
298 217
303 219
308 221
313 223
318 224
323 224
328 223
333 221
338 218
343 215
348 212
353 209
358 206
363 203
368 200
373 197
378 194
383 191
378 188
379 185
378 182
378 179
377 176
375 173
372 170
368 167
363 164
358 161
353 158
348 155
343 152
338 149
333 146
328 143
323 140
318 137
313 134
308 131
303 128
298 125
293 122
288 119
284 116
281 113
279 110
278 107
278 104
279 101
281 98
284 95
288 92
293 89
298 86
303 83
308 80
313 77
318 74
323 71
328 68
333 65
338 64
342 66
345 68
347 70
348 72
348 74
347 76
345 78
342 80
338 82
333 84
328 86
323 88
318 90
313 92
308 94
303 96
298 98
293 100
288 102
283 104
278 106
273 108
268 110
263 112
258 114
253 116
248 118
243 120
238 122
233 124
228 126
223 128
218 130
213 132
208 134
204 136
201 138
199 140
198 141
198 141
198 140
198 138
198 135
198 132
198 129
198 126
198 123
198 120
198 117
198 114
198 111
197 108
195 105
194 102
194 99
194 96
194 93
194 90
194 87
194 84
194 81
194 78
194 75
194 72
194 69
195 66
197 63
200 61
204 60
207 60
207 61
207 63
207 65
207 67
207 69
207 71
207 73
207 75
207 77
206 79
204 81
201 83
197 85
194 87
194 89
194 90
194 90
194 89
194 87
194 84
194 81
194 78
194 75
194 72
194 69
195 66
197 63
200 60
204 57
209 54
214 51
219 48
224 45
229 44
234 46
239 48
243 50
246 52
248 54
249 56
249 58
248 60
246 62
243 64
239 66
234 68
229 70
224 72
219 74
214 76
209 78
204 80
199 82
194 84
189 86
184 88
179 90
174 92
169 94
164 96
159 98
154 100
149 102
144 104
139 106
134 108
129 110
124 112
119 114
114 116
109 118
104 120
99 122
94 124
89 126
84 128
79 130
74 132
69 134
64 136
59 138
54 140
49 142
44 144
39 145
34 145
29 144
24 142
19 139
22 136
21 133
22 130
21 127
22 124
21 121
22 118
21 115
22 112
21 109
22 106
23 103
25 100
28 97
32 95
37 94
40 94
41 95
42 97
42 99
42 101
42 103
42 105
42 107
42 109
42 111
42 113
42 115
42 117
42 118
43 118
45 117
48 115
52 112
57 110
62 112
67 114
72 115
77 117
82 119
87 121
92 123
97 125
102 127
107 129
108 131
108 134
109 138
111 143
114 149
118 155
123 157
128 159
133 161
138 163
143 165
148 167
153 169
158 171
163 172
168 172
173 171
178 169
183 168
188 168
193 167
198 165
203 162
207 159
207 156
207 153
207 150
207 147
207 144
207 141
207 138
207 135
207 132
207 129
206 126
204 123
201 120
197 117
192 114
189 111
185 108
180 105
175 102
170 104
165 106
160 108
155 110
150 112
145 114
140 116
135 118
130 120
125 122
120 123
120 127
119 128
119 130
119 132
119 134
119 136
119 138
119 140
119 142
119 144
120 146
122 148
125 149
129 150
134 150
139 149
144 147
149 144
150 141
150 138
150 135
150 132
150 129
150 126
150 123
150 120
150 117
150 114
150 111
150 108
150 105
150 102
150 99
151 96
153 93
156 90
160 87
165 84
170 81
175 79
180 78
185 78
190 79
195 81
200 83
205 85
210 88
215 92
220 97
225 103
230 110
235 117
240 124
245 131
250 138
255 145
260 152
265 159
263 161
264 163
264 165
264 167
264 169
264 171
264 173
264 175
264 176
264 176
264 175
265 173
267 170
270 167
274 164
279 161
284 158
289 155
294 152
299 149
304 146
309 143
314 140
319 137
324 134
329 131
334 128
339 125
344 123
349 122
354 122
359 123
364 125
369 127
374 129
379 131
378 133
379 135
378 137
379 139
378 141
379 143
378 145
379 147
378 149
378 151
378 152
378 152
377 151
375 149
372 146
368 143
363 140
358 137
353 134
348 131
343 128
338 125
333 122
328 119
323 116
318 113
313 110
308 107
303 104
299 101
296 98
294 95
293 93
293 95
294 97
296 99
299 101
303 103
308 105
313 107
318 109
323 111
328 113
333 115
338 117
343 119
348 121
352 123
355 125
357 127
358 129
358 131
357 133
355 135
352 137
348 139
343 141
338 143
333 145
328 147
323 149
318 151
313 153
308 155
303 157
298 159
293 161
288 163
283 165
278 167
273 168
268 168
263 167
258 165
253 162
248 159
243 156
238 153
233 150
228 147
224 144
221 141
219 138
218 135
218 132
218 129
219 126
221 123
224 120
228 117
233 114