1718
206 102
206 104
206 106
206 108
206 110
206 112
206 114
206 116
206 118
206 120
206 122
206 124
206 126
206 128
206 130
206 132
206 134
206 136
206 138
206 140
206 142
206 144
206 146
206 148
206 150
206 152
206 154
206 156
206 158
206 160
206 162
206 164
206 166
206 168
206 170
206 172
206 174
206 176
206 178
206 180
206 182
206 184
206 186
206 188
206 190
206 192
206 194
206 196
206 198
206 199
206 199
206 198
206 196
207 193
209 190
212 187
216 184
221 181
226 178
231 175
236 172
241 169
245 166
248 163
250 160
251 157
251 154
250 152
248 151
245 151
241 152
236 154
231 156
226 158
221 160
216 162
211 163
206 163
201 162
196 162
191 163
186 165
181 167
176 169
171 171
166 173
161 175
157 177
154 179
152 181
151 183
151 185
151 187
151 189
151 191
151 192
151 192
151 191
151 189
151 186
151 183
151 180
151 177
152 174
154 171
157 168
161 165
166 162
171 159
176 156
181 153
186 150
191 147
196 144
201 141
206 138
211 135
216 132
221 129
226 126
231 123
236 120
241 117
245 114
248 111
250 108
251 105
251 102
250 99
248 96
245 93
241 90
236 87
231 84
226 81
221 78
216 75
212 72
209 69
207 66
206 63
206 60
206 57
206 55
206 57
206 59
206 61
206 63
206 65
206 67
206 69
206 71
206 73
206 75
206 77
206 79
206 81
206 83
206 85
206 87
205 89
203 91
200 93
196 95
191 97
186 99
181 101
176 103
171 105
166 107
161 109
156 111
151 113
146 115
141 117
136 119
131 121
126 123
121 125
116 127
111 129
106 131
101 133
96 135
91 136
86 136
81 135
76 133
76 137
76 138
76 140
76 142
76 144
76 146
76 148
76 150
76 152
76 154
77 156
79 157
82 157
86 156
91 154
96 151
101 148
106 145
111 142
116 139
120 136
123 133
125 130
126 127
126 124
125 121
123 118
120 115
116 112
111 109
106 106
101 104
96 103
91 103
86 104
81 106
76 108
71 110
66 112
61 114
56 116
51 118
46 120
42 122
39 124
37 126
36 128
36 130
36 132
36 134
36 136
36 137
36 137
36 136
36 134
36 131
36 128
36 125
36 122
36 119
36 116
36 113
36 110
35 107
33 104
30 101
26 98
21 95
22 92
22 89
22 86
22 83
22 80
22 77
22 74
22 71
23 68
25 66
28 65
32 65
37 66
42 68
47 70
52 72
57 74
62 76
67 78
72 81
77 85
82 90
87 96
92 103
97 110
102 116
107 118
112 120
117 122
122 124
127 127
132 131
137 134
142 136
147 138
152 140
157 142
162 144
167 146
172 148
177 150
182 152
187 154
192 156
197 158
202 160
207 162
212 164
217 166
222 168
227 169
232 169
237 168
242 166
247 163
252 160
257 157
262 154
267 151
272 148
277 146
282 145
286 145
289 146
291 148
292 150
292 152
291 154
289 156
286 158
282 160
277 162
272 164
267 165
262 165
257 164
252 162
247 159
242 156
237 153
232 150
227 147
223 144
220 141
218 138
217 135
217 132
217 129
217 126
217 123
217 120
217 117
217 114
218 111
220 108
223 105
227 102
232 99
237 96
242 94
247 93
252 93
257 94
262 96
267 98
271 100
274 102
276 104
277 106
277 108
276 110
274 112
271 114
267 115
262 115
257 114
252 112
247 109
242 106
237 103
232 100
227 97
222 94
217 91
212 88
207 85
202 82
197 80
192 81
187 83
182 85
177 87
172 89
167 91
162 93
157 95
152 97
147 99
142 101
137 103
132 105
127 107
122 109
117 111
112 113
107 115
102 117
97 119
92 121
87 123
82 125
77 127
72 129
67 131
62 133
57 135
52 137
47 139
42 141
37 143
32 145
27 147
22 149
17 151
22 153
21 155
22 157
21 158
22 158
21 157
22 155
21 152
22 149
22 146
22 143
22 140
22 137
22 134
22 131
22 128
22 125
22 122
22 119
22 116
22 113
23 110
25 107
28 104
32 101
36 98
36 95
36 92
36 89
36 86
36 83
36 80
36 77
36 74
36 71
36 68
36 65
36 62
36 59
36 56
36 53
36 50
36 47
36 44
36 41
36 38
36 35
36 32
36 29
36 26
36 23
36 20
36 17
36 20
36 19
37 20
39 19
42 20
46 21
51 23
56 25
61 27
66 29
71 31
76 33
81 35
86 37
91 39
96 41
101 43
106 45
111 47
116 49
121 51
126 53
131 55
135 57
138 59
140 61
141 63
141 65
141 67
141 69
141 71
141 73
141 75
141 77
141 79
142 81
144 83
147 85
151 87
156 89
161 91
166 93
171 95
176 97
181 99
186 101
191 103
196 105
201 107
206 110
211 114
216 119
221 125
226 132
231 139
236 146
241 153
246 160
251 167
256 174
260 181
263 188
264 195
264 202
264 209
264 216
264 223
264 230
264 237
264 244
264 251
264 258
264 265
263 272
261 279
258 286
254 293
251 299
251 304
251 308
251 311
251 313
251 315
251 316
251 316
251 315
251 313
251 310
251 307
251 304
251 301
251 298
251 295
251 292
251 289
251 286
251 283
251 280
251 277
251 274
251 271
251 268
251 265
251 262
251 259
251 256
251 253
251 250
252 247
254 244
257 241
261 238
266 235
271 232
276 229
280 226
283 223
285 220
286 217
286 214
286 214
286 216
286 218
287 220
289 222
292 224
296 226
301 227
306 227
311 226
316 224
320 221
322 218
320 220
320 221
320 221
320 220
320 218
320 215
320 212
320 209
320 206
320 203
320 200
320 197
320 194
320 191
320 188
320 185
320 182
320 179
320 176
320 173
320 170
320 167
320 164
320 161
320 158
320 155
320 152
320 149
320 146
320 143
320 140
320 137
320 134
320 131
320 128
319 125
317 122
314 119
310 117
308 116
307 116
306 117
305 119
305 121
305 123
305 125
305 127
305 129
305 131
305 133
305 134
304 134
303 133
301 131
298 128
294 125
289 123
289 127
288 129
286 131
283 133
279 135
274 137
269 139
264 141
259 143
254 145
249 147
244 149
239 151
234 153
229 155
224 157
219 159
214 161
209 163
204 165
199 167
194 169
189 171
184 173
179 175
174 177
169 179
164 182
159 186
154 191
149 197
144 201
139 203
134 205
129 207
124 209
119 211
114 213
109 215
104 217
99 219
94 221
89 223
84 225
80 227
80 229
80 231
80 232
80 232
80 231
80 229
80 226
80 223
80 220
80 217
80 214
80 211
80 208
80 205
80 202
80 199
80 196
80 193
80 190
80 187
80 184
80 181
80 178
80 175
81 172
83 169
86 166
90 163
95 161
100 160
105 160
110 161
115 163
120 165
125 167
130 169
135 171
140 173
145 175
150 177
155 179
160 181
165 183
170 185
175 187
180 189
185 191
190 193
195 194
200 194
205 193
210 191
215 188
220 185
225 182
230 179
234 176
237 173
239 170
240 167
240 164
239 161
237 158
234 155
230 152
225 149
220 146
215 143
210 140
206 137
203 134
201 131
200 128
200 125
200 122
200 119
200 116
200 113
200 110
200 107
200 104
200 101
200 98
200 95
200 92
200 89
200 86
200 83
200 80
200 77
200 74
201 71
203 68
206 65
210 63
215 64
220 66
225 68
230 70
235 72
240 74
245 76
250 78
255 80
260 82
265 84
270 86
275 89
280 93
285 98
290 104
295 109
300 111
305 113
310 115
315 117
320 119
324 121
327 123
329 125
330 127
330 129
330 131
330 133
330 135
330 137
330 139
330 141
330 143
330 145
330 147
330 149
330 151
330 152
330 152
330 151
330 149
330 146
330 143
330 140
330 137
330 134
330 131
330 128
330 125
330 122
330 119
331 116
333 113
336 111
340 110
345 110
350 111
355 113
360 115
365 117
369 119
372 121
374 123
375 125
375 127
375 129
375 131
375 133
375 135
374 137
372 139
369 141
365 143
360 145
355 147
350 149
345 150
341 150
338 149
336 147
335 144
335 141
335 138
335 135
335 132
335 129
335 126
335 126
336 128
338 130
341 132
345 134
350 136
355 138
360 140
365 142
370 144
375 146
380 148
378 150
379 152
378 154
379 156
378 158
378 160
377 162
375 164
372 166
368 168
363 170
358 172
353 174
348 176
343 178
338 180
333 182
328 184
323 186
318 188
313 190
308 192
308 194
309 196
311 198
314 200
318 202
323 204
328 206
333 208
338 210
343 212
348 214
353 216
358 218
363 220
368 221
373 221
378 220
383 218
378 215
379 212
378 209
378 206
378 203
378 200
378 197
378 194
378 191
378 188
378 185
378 182
378 179
377 176
375 173
372 170
368 167
363 164
358 162
353 161
348 161
343 162
338 164
333 166
328 168
323 170
318 172
313 173
308 173
308 172
308 170
308 167
309 164
311 161
314 158
318 156
323 155
328 155
333 156
338 158
343 160
348 161
353 161
357 160
360 158
362 155
363 152
363 149
362 146
360 143
357 140
353 137
348 134
343 131
338 128
333 125
328 122
323 119
318 116
313 113
308 110
303 107
298 105
293 104
288 104
283 105
278 107
273 109
268 111
263 113
258 115
253 117
248 119
243 121
238 124
233 128
228 133
223 139
218 146
213 153
208 160
203 167
199 174
196 181
194 188
193 195
193 202
193 204
193 206
193 208
193 210
193 212
193 214
193 216
193 218
193 220
193 222
193 224
193 226
193 228
193 230
193 232
193 234
193 236
193 238
193 240
193 242
193 244
193 246
193 248
193 250
193 252
193 254
194 256
196 259
199 263
203 268
207 274
207 281
207 288
207 295
207 302
207 309
207 316
207 323
207 330
207 337
207 344
207 351
207 358
206 365
204 372
201 379
197 386
194 393
194 400
194 407
194 414
194 421
194 428
194 435
194 442
194 449
194 456
194 463
194 470
194 477
194 484
194 491
194 498
194 505
194 512
194 519
194 525
194 530
194 534
194 537
194 539
194 540
194 540
194 539
194 537
194 534
194 531
194 528
194 525
194 522
194 519
194 516
194 513
194 510
194 507
194 504
194 501
194 498
194 495
194 492
194 489
194 486
194 483
194 480
194 477
194 474
194 471
194 468
194 465
194 462
194 459
194 456
194 453
194 450
194 447
194 444
194 441
194 438
194 435
194 432
194 429
194 426
193 423
191 420
188 417
184 414
179 411
174 408
169 405
164 402
159 399
154 396
149 393
144 390
139 387
134 384
129 381
124 378
119 375
114 372
109 369
104 366
99 363
94 360
89 357
84 354
79 351
74 348
69 345
65 342
62 339
60 336
59 333
59 330
59 327
59 324
59 321
59 318
59 315
59 312
59 309
59 306
59 303
59 300
59 297
59 294
59 291
59 288
59 285
59 282
59 279
59 276
59 273
59 270
59 267
59 264
60 261
62 258
65 255
69 252
74 249
79 246
84 243
89 240
94 237
99 234
104 231
109 228
114 226
119 225
124 225
129 226
134 228
139 230
144 232
149 234
154 236
159 238
164 240
169 242
174 244
179 246
184 248
189 250
194 252
199 254
204 256
209 258
214 260
219 262
224 264
229 266
234 268
239 270
244 271
249 271
254 270
259 268
264 265
269 262
274 259
279 256
284 253
289 250
294 247
299 244
304 241
309 238
314 235
319 232
323 229
326 226
328 223
329 220
329 217
329 214
329 211
329 208
329 205
329 202
329 199
329 196
329 193
329 190
329 187
329 184
329 181
329 178
329 175
329 172
328 169
326 166
323 163
319 160
314 157
309 154
304 151
299 148
294 145
289 142
284 139
279 136
274 133
270 130
267 127
265 124
264 121
264 120
264 122
264 124
264 126
264 128
264 130
264 132
263 134
261 136
258 138
254 140
249 142
244 144
239 146
235 148
232 150
230 152
229 154
229 156
229 158
229 160
229 162
229 164
229 166
229 168
229 170
229 172
229 174
229 176
228 178
226 180
223 182
219 184
214 185
209 185
204 184
200 182
197 179
195 176
194 173
194 170
194 167
194 164
194 161
194 158
194 155
194 152
194 149
194 146
194 143
194 140
194 137
194 134
194 131
194 128
194 125
194 122
194 119
194 116
194 113
194 110
194 107
194 104
194 101
194 98
194 95
194 92
194 89
194 86
194 83
194 80
194 77
194 74
195 71
197 68
200 65
204 62
209 60
214 59
219 59
224 60
229 62
234 64
239 66
244 68
249 70
254 72
259 74
264 76
269 78
274 80
279 82
284 84
289 87
294 91
299 96
304 101
309 107
314 114
319 121
324 128
329 135
333 142
336 149
338 156
339 163
339 170
338 177
336 184
333 191
329 198
324 205
319 212
314 219
309 226
308 233
308 240
308 247
308 254
309 257
311 259
314 261
318 263
323 265
328 267
333 269
338 270
343 270
348 269
353 267
358 264
363 261
368 258
373 255
378 252
383 249
378 246
379 243
378 240
379 237
378 234
378 231
378 228
378 225
378 222
378 219
378 216
378 213
378 210
378 207
378 204
378 201
378 198
378 195
378 192
378 189
378 186
378 183
378 180
378 177
378 174
378 171
378 168
378 165
378 162
378 159
378 156
378 153
378 150
377 147
375 144
372 141
368 138
363 135
358 132
353 129
348 130
343 132
338 134
333 136
328 138
323 140
318 142
313 144
308 146
303 148
298 150
294 152
291 153
291 157
291 158
291 160
291 162
291 164
291 166
291 168
291 170
291 172
291 174
291 176
291 178
291 180
292 182
294 184
297 185
301 186
306 186
311 185
316 183
320 180
321 177
321 174
321 171
321 168
321 165
321 162
321 159
321 156
321 153
321 150
321 147
321 144
321 141
320 138
318 135
315 132
311 129
306 126
301 123
296 122
291 124
286 126
281 128
276 130
271 131
266 133
261 135
256 137
251 139
246 141
241 143
236 145
236 147
236 149
236 151
236 153
236 155
236 157
236 159
236 161
236 163
236 165
236 167
236 169
236 171
236 173
237 175
239 177
242 178
246 178
251 177
256 175
261 172
264 169
264 166
264 163
264 160
264 157
264 154
264 151
264 148
264 145
264 142
264 139
264 136
264 133
264 130
264 127
263 124
261 121
258 118
254 115
249 112
244 109
239 106
234 103
229 100
224 97
219 94
214 92
209 91
204 91
199 92
194 94
189 96
184 98
179 100
174 102
169 104
164 106
159 108
154 110
149 112
144 114
139 116
134 118
129 120
124 122
119 124
114 127
109 131
104 136
99 142
94 149
89 156
84 163
79 170
74 177
69 183
64 188
59 192
54 195
49 199
44 204
39 210
34 217
29 224
24 231
19 238
22 245
22 252
22 259
22 266
22 273
22 279
23 284
23 288
23 291
23 293
23 294
23 294
23 293
23 291
23 288
23 285
23 282
23 279
23 276
23 273
23 270
23 267
24 264
26 261
29 258
33 255
38 252
43 249
48 246
53 243
58 240
62 237
65 234
67 231
68 228
68 225
68 222
68 219
68 216
68 213
68 210
68 207
68 204
68 201
68 198
67 195
65 192
62 189
58 186
53 183
48 180
43 177
38 174
33 171
28 168
24 165
21 162
22 159
22 156
23 155
25 157
28 159
32 161
37 163
42 165
47 167
52 169
57 171
62 173
67 175
72 177
77 179
82 181
87 183
92 185
97 187
102 189
107 191
112 193
117 195
122 197
127 198
132 198
137 197
142 195
147 192
152 189
157 186
162 183
167 180
172 177
177 174
182 171
187 168
192 165
197 162
202 159
207 156
212 153
217 150
222 147
227 144