1775
95 66
95 68
95 70
95 72
95 74
95 76
95 78
95 80
95 82
95 84
95 86
95 88
95 90
95 92
95 94
95 96
95 98
95 100
95 102
95 104
95 106
95 108
95 110
95 112
95 114
95 116
95 118
95 120
95 122
95 124
95 126
95 128
95 130
95 132
95 134
95 136
95 138
95 140
95 142
95 143
96 143
98 142
101 140
105 137
110 134
115 131
120 128
125 125
130 122
135 119
140 116
145 113
150 110
155 107
160 104
165 102
170 101
175 101
180 102
185 104
190 106
195 108
199 110
202 112
204 114
205 116
205 118
205 120
205 122
205 124
205 126
205 128
205 130
205 132
205 134
205 136
205 138
205 140
206 142
208 144
211 146
215 148
220 150
225 152
230 154
235 156
240 158
245 160
250 162
254 164
257 166
259 168
260 170
260 172
260 174
260 176
260 177
260 177
260 176
260 174
260 171
260 168
259 165
257 162
254 159
250 156
245 153
240 150
235 147
230 144
225 141
220 138
215 135
210 132
205 129
200 126
195 123
190 120
185 117
180 114
176 111
173 108
171 105
170 102
170 99
170 96
170 93
170 90
170 87
171 84
173 82
176 81
180 81
185 82
190 84
195 86
200 88
205 90
210 92
215 94
220 96
225 98
230 100
235 102
240 104
245 106
250 108
255 110
260 112
264 114
264 116
264 118
264 120
264 122
264 124
264 126
264 128
264 130
264 132
264 133
264 133
264 132
264 130
264 127
264 124
264 121
264 118
264 115
264 112
263 109
261 106
258 104
254 103
249 103
249 105
249 107
249 109
249 111
249 113
249 115
249 117
249 119
249 121
249 123
249 125
249 127
249 129
249 131
249 133
249 135
249 137
249 139
249 141
249 143
249 145
249 147
249 149
249 151
249 153
250 155
252 156
255 156
259 155
264 153
269 150
274 147
279 144
284 141
289 138
293 135
296 132
298 129
299 126
299 123
299 120
299 117
299 114
299 111
299 108
299 105
299 102
299 99
299 99
299 101
300 103
302 105
305 107
309 109
314 111
319 113
324 115
329 117
334 119
338 121
341 123
343 125
344 127
344 129
344 131
344 133
344 135
344 137
344 139
343 141
341 143
338 145
334 147
329 149
324 151
319 153
314 155
309 157
304 159
299 161
295 163
292 165
290 167
289 169
289 171
290 173
292 175
295 177
299 179
304 181
309 183
314 185
319 187
324 189
329 191
334 193
339 195
344 197
349 199
354 201
359 202
364 202
369 201
373 199
376 196
378 193
379 190
378 187
378 184
378 181
378 178
378 175
378 172
377 169
375 166
372 163
368 160
365 157
365 154
365 151
364 148
362 145
359 142
355 139
350 136
345 133
340 130
335 127
330 124
325 121
320 118
315 116
310 115
305 115
300 116
295 118
290 120
285 122
280 124
275 126
270 128
265 130
260 132
255 134
250 136
245 138
240 140
235 142
230 144
225 146
220 148
215 150
210 152
205 154
200 156
195 158
190 160
185 162
180 165
175 169
170 174
165 180
160 187
155 194
150 201
145 207
140 212
135 216
130 219
125 221
120 223
115 225
110 227
105 229
100 231
95 233
90 235
85 237
80 239
75 241
70 243
65 245
60 248
55 252
50 257
45 263
40 270
35 277
30 284
25 291
20 298
22 305
21 311
22 316
21 320
22 323
21 325
22 327
22 329
23 331
25 332
28 332
32 331
36 329
36 326
36 323
37 320
39 317
42 314
46 311
51 308
56 305
61 302
66 299
71 296
76 293
81 290
86 287
91 284
96 281
101 278
106 275
111 276
116 278
121 280
126 282
131 283
136 283
140 282
143 280
145 277
148 274
152 271
157 268
162 265
167 262
172 259
177 256
182 253
187 250
192 247
196 244
199 241
201 238
202 235
202 232
202 229
202 226
202 223
202 220
202 217
202 214
202 211
202 208
201 205
199 202
196 199
192 196
187 193
182 190
177 187
172 184
167 185
162 187
157 188
152 188
147 187
142 185
137 182
136 179
138 181
138 182
138 182
138 181
138 179
138 176
138 173
138 170
138 167
138 164
138 161
138 158
138 155
138 152
138 149
138 146
138 143
138 140
138 137
138 134
138 131
138 128
138 125
138 122
138 119
138 116
138 113
138 110
138 107
138 104
138 101
138 98
138 95
138 92
139 89
141 86
144 83
148 80
150 77
151 74
153 71
156 68
160 65
165 62
170 59
175 56
180 53
185 50
190 47
195 45
200 44
205 44
210 45
215 47
220 49
225 51
230 53
235 56
240 60
244 65
247 71
249 78
250 85
250 92
250 99
250 106
250 113
250 120
250 127
250 134
250 141
250 143
250 145
250 147
250 149
250 151
250 153
250 155
250 157
250 159
250 161
250 163
250 165
250 167
250 169
250 171
250 173
250 175
250 177
250 179
251 181
253 184
256 188
260 193
264 199
264 206
264 213
264 220
264 227
264 234
264 241
264 248
264 255
264 262
264 269
263 276
261 283
258 290
254 297
251 304
251 311
251 318
251 325
251 331
251 336
251 340
251 343
251 345
251 347
251 349
251 350
251 350
251 349
251 347
251 344
251 341
251 338
251 335
251 332
251 329
251 326
251 323
251 320
251 317
251 314
251 311
251 308
251 305
251 302
251 299
251 296
252 293
254 290
257 287
261 284
266 281
271 278
275 275
278 272
280 269
281 266
281 263
281 260
281 257
282 254
284 251
287 248
291 245
296 242
301 239
306 236
311 233
315 230
318 227
320 224
321 221
321 218
321 215
321 212
321 209
321 206
321 203
321 200
321 197
321 194
321 191
321 188
321 185
320 182
318 179
315 176
311 174
306 173
301 173
296 174
291 176
286 178
281 180
276 182
271 184
266 186
261 188
256 190
251 192
246 194
241 196
236 198
231 200
226 203
221 207
216 212
211 217
206 219
201 221
196 223
191 225
186 227
181 229
176 231
171 233
166 235
161 237
156 239
151 241
146 243
141 245
136 247
131 249
126 251
121 253
116 255
111 257
106 259
101 261
96 263
91 264
86 264
81 263
80 261
80 258
80 255
80 252
80 249
80 246
80 243
80 240
80 237
80 234
80 231
80 228
80 225
80 222
80 219
80 216
80 213
80 210
80 207
80 204
81 201
83 198
86 196
90 195
95 195
100 196
105 198
110 200
115 202
120 204
125 206
130 208
135 210
140 212
145 215
150 219
155 224
160 230
165 233
170 235
175 237
180 239
185 241
190 243
195 245
200 247
205 249
210 251
215 253
220 255
225 257
230 259
235 261
240 263
245 265
250 267
255 269
260 271
265 273
270 275
275 277
280 279
285 281
290 283
295 285
300 287
305 289
310 290
315 290
320 289
321 287
321 284
321 281
321 278
321 275
321 272
321 269
321 266
321 263
321 260
321 257
321 254
321 251
321 248
321 245
321 242
321 239
321 236
321 233
321 230
320 227
318 224
315 222
311 221
306 221
301 222
296 224
291 226
286 228
282 230
279 232
277 234
276 236
276 238
275 240
273 242
270 244
266 246
261 247
256 247
251 246
246 244
241 241
236 238
231 235
226 232
221 229
217 226
214 223
212 220
211 217
211 214
211 211
211 208
211 205
211 202
211 199
211 196
211 193
211 190
211 187
211 184
211 181
211 178
211 175
211 177
211 179
211 181
211 183
211 185
211 187
211 189
210 191
208 192
205 192
201 191
196 189
194 186
194 183
194 180
194 177
194 174
194 171
194 168
194 165
194 162
194 159
194 156
194 153
194 150
194 147
194 144
194 141
194 138
194 135
194 132
194 134
194 136
194 138
194 140
194 142
193 144
191 146
188 148
184 150
179 152
174 154
169 156
164 158
159 160
154 162
149 164
144 165
139 165
135 164
132 162
130 159
129 156
129 153
129 150
129 147
129 144
129 141
129 138
129 135
129 135
129 137
129 139
129 141
129 143
128 145
126 147
123 149
119 151
114 153
109 155
104 157
99 158
94 158
89 157
84 155
79 152
74 149
69 146
64 143
59 140
54 137
50 134
47 131
45 128
44 125
44 125
44 127
44 129
44 131
44 133
44 135
44 137
44 139
44 141
44 143
43 145
41 147
38 148
34 148
29 147
24 145
19 142
22 139
21 136
22 133
22 130
22 127
22 124
22 121
22 118
22 115
22 112
22 109
22 106
22 103
22 100
22 97
22 94
22 91
22 88
22 86
23 85
25 85
28 86
32 88
37 90
42 92
47 94
52 96
57 98
62 100
67 102
72 104
77 106
82 108
87 110
92 112
93 114
93 116
93 118
93 120
93 121
93 121
93 120
93 118
93 115
93 112
93 109
93 106
93 103
93 100
93 97
93 94
93 91
93 88
93 85
93 82
93 79
93 76
93 73
93 70
93 67
93 64
93 61
93 58
93 55
93 53
93 52
93 52
93 53
93 55
94 57
96 59
99 61
103 63
108 65
113 67
118 69
123 71
128 72
133 72
138 71
143 69
148 66
152 63
155 60
157 57
158 54
158 51
158 48
157 50
155 52
152 53
148 53
143 52
138 50
133 47
128 44
123 41
118 38
113 35
108 32
104 29
101 26
99 23
98 20
98 17
98 20
98 19
98 20
98 19
98 20
98 19
98 20
98 19
98 20
98 19
98 20
98 19
98 20
98 19
98 20
98 19
98 20
98 19
98 20
98 19
98 20
99 19
101 20
104 19
108 20
113 19
118 20
123 21
128 23
133 25
138 26
143 26
147 25
150 23
150 20
150 17
150 20
150 21
150 23
150 25
150 27
150 29
150 31
150 33
150 35
150 37
150 39
150 41
150 43
150 45
150 47
149 49
147 51
144 52
142 52
141 51
141 49
141 46
141 43
141 40
141 37
141 34
141 31
141 28
141 25
141 22
141 19
141 20
142 19
144 20
147 19
151 20
156 19
161 20
166 19
171 20
176 19
181 20
186 19
191 20
196 19
201 20
206 19
211 20
216 19
221 20
226 19
230 20
233 19
235 20
236 19
236 20
235 19
233 20
230 19
226 20
221 19
216 20
211 19
206 20
201 19
196 20
191 19
186 20
181 19
176 20
171 19
166 20
161 20
156 20
151 19
146 20
141 19
136 20
132 19
129 20
127 19
126 20
126 19
126 20
126 19
126 20
126 19
126 20
126 19
126 20
127 19
129 20
132 19
136 20
141 19
146 20
150 19
150 20
150 19
150 20
150 19
149 20
147 19
144 20
140 19
135 20
130 19
125 20
120 19
115 20
110 19
106 20
103 19
101 20
100 19
100 20
101 19
103 20
106 19
110 20
115 19
120 20
125 19
130 20
135 19
140 20
144 19
147 20
149 19
150 20
150 22
150 24
150 26
150 28
150 30
150 32
150 34
150 37
150 41
150 46
150 52
150 59
150 66
150 73
150 80
150 87
150 94
150 101
150 108
150 115
150 122
150 129
150 136
150 143
150 149
150 154
150 158
150 161
150 163
150 165
150 168
150 172
150 177
150 183
150 190
151 197
153 204
156 211
160 218
165 225
170 232
175 239
180 245
185 250
190 254
195 257
200 259
205 261
210 263
215 265
220 267
225 268
230 268
235 269
240 271
245 273
250 275
255 277
260 279
265 281
270 283
275 285
280 287
285 289
290 291
295 293
300 295
304 297
307 299
309 301
310 303
310 305
310 307
310 309
310 311
310 313
310 315
310 317
310 319
310 321
310 323
310 325
310 327
310 329
309 331
307 333
304 335
302 337
301 339
301 341
301 343
301 345
301 347
301 348
301 348
301 347
301 345
301 342
301 339
301 336
301 334
301 333
301 331
301 328
301 325
301 322
301 319
301 316
301 313
301 310
301 307
301 304
301 301
301 298
301 295
301 292
301 289
301 286
301 283
301 280
301 277
301 274
300 271
298 268
295 265
291 262
286 259
281 256
276 253
271 250
266 247
262 244
259 241
257 238
256 235
256 232
256 229
256 226
255 223
253 220
251 217
251 214
250 211
248 208
245 205
241 202
236 200
231 202
226 204
221 206
216 208
211 210
206 212
201 214
196 216
191 218
186 220
181 222
176 224
171 227
166 231
161 236
156 242
151 247
146 249
141 251
136 253
131 255
126 257
121 259
116 261
111 263
106 265
101 267
96 269
91 271
86 273
81 275
76 277
71 279
66 281
61 283
56 285
51 287
46 289
41 291
37 293
34 295
32 297
31 299
31 301
32 303
34 305
37 307
41 309
46 311
51 313
56 315
61 317
66 319
71 321
76 323
81 325
86 327
91 329
96 331
101 333
106 335
111 337
116 339
121 341
126 343
131 345
136 347
141 349
146 351
151 353
156 355
161 356
166 356
171 355
176 353
181 352
186 353
191 353
195 352
198 350
200 347
201 344
201 341
201 338
201 335
201 332
201 329
201 326
201 323
201 320
201 317
201 314
201 311
201 308
201 305
201 302
201 299
201 296
201 293
201 290
201 287
201 284
201 281
201 278
201 275
201 272
201 269
201 266
201 263
201 260
201 257
201 254
201 251
201 248
201 245
201 242
202 239
204 236
207 233
210 230
214 227
219 224
224 221
229 220
234 222
239 224
244 226
249 228
254 230
259 232
264 234
269 236
274 238
279 240
284 242
289 244
294 246
299 248
304 250
309 252
314 254
319 256
324 258
329 260
334 262
339 264
344 266
349 268
354 270
359 271
364 271
369 270
373 268
376 265
378 262
379 259
378 256
378 253
378 250
378 247
378 244
378 241
378 238
378 235
378 232
378 229
377 226
375 223
372 220
368 217
363 214
358 211
353 209
348 208
343 208
338 210
333 212
328 214
323 215
319 215
316 214
314 212
313 209
313 206
313 203
313 200
313 197
313 194
313 191
313 188
313 185
313 182
313 179
313 176
313 173
313 170
313 167
313 164
312 161
310 158
307 155
303 152
298 150
293 152
288 154
283 156
278 158
273 160
268 162
263 164
258 166
253 168
248 170
243 172
238 174
233 176
228 178
223 180
218 182
213 184
208 186
203 188
198 190
193 192
188 194
183 196
178 198
173 200
168 202
163 205
158 209
153 214
148 220
143 225
138 227
133 229
128 231
123 233
118 235
113 237
108 239
103 241
98 243
93 245
88 247
83 249
78 251
73 253
68 255
63 257
58 259
53 261
48 263
43 264
38 264
33 263
28 261
23 258
18 255
22 252
21 249
22 246
22 243
22 240
22 237
22 234
22 231
22 228
22 225
22 222
22 219
22 216
22 213
22 210
22 207
22 204
22 201
22 198
22 195
22 192
23 189
25 186
28 183
32 180
37 177
42 174
47 171
52 169
57 168
62 168
67 169
72 171
77 173
82 175
87 177
92 179
97 181
102 183
107 185
112 187
117 188
121 188
124 187
126 185
127 182
127 179
127 176
127 173
127 170
127 167
127 164
127 161
127 158
127 155
126 152
124 149
121 146
117 143
112 140
107 138
102 137
97 137
92 138
87 140
82 142
77 143
72 143
67 142
62 140
57 137
52 134
47 131
42 128
37 127
33 129
30 131
28 133
27 135
27 137
28 139
30 141
33 143
37 145
42 147
47 149
52 151
57 153
62 155
67 157
72 159
77 161
82 163
87 165
92 167
97 169
102 171
107 173
112 175
117 177
122 179
127 181
132 183
137 185
142 187
147 189
152 191
157 194
162 198
167 203
172 209
177 216
182 222
187 227
192 231
197 234
202 236
207 238
212 240
217 242
222 244
227 246
232 248
237 250
242 252
247 254
252 256
257 258
262 260
267 262
272 264
277 266
282 268
287 270
292 272
297 273
302 273
307 272
312 270
317 267
322 264
327 261
332 263
337 265
342 267
346 269
349 271
351 273
352 275
352 277
351 279
349 281
346 283
342 285
337 287
332 289
327 291
322 293
317 295
312 297
307 299
302 301
297 303
292 305
287 307
282 309
277 311
272 312
267 312
262 311
257 309
252 306
247 303
242 300
237 297
233 294
230 291
228 288
227 285
227 282
227 279
227 276
227 273
227 270
227 267
227 264
227 261
227 258